camera_matrix:
   rows: 3
   cols: 3
   dt: d
   data: [530.4669406576809, 0.0, 320.5,
          0.0, 530.4669406576809, 240.5,
          0.0, 0.0, 1.0]
distortion_coefficients:
   rows: 1
   cols: 5
   dt: d
   data: [0.0, 0.0, 0.0, 0.0, 0.0]

