camera_matrix:
- - 8.141648147517655e+18
  - 0.0
  - 239.50000000002316
- - 0.0
  - 8.141648147517657e+18
  - 319.49999999993577
- - 0.0
  - 0.0
  - 1.0
distortion_coefficients:
- - -4.342408906219612e-17
  - -1.756614585969234e-33
  - -1.945179442551867e-08
  - 7.329076885924445e-09
  - -7.721659191847092e-50
